time top_angle bottom_angle top_x top_y bottom_x bottom_y top_momentum bottom_momentum total_energy
0.018 119.93704403751336 180.0314488505983 0.8613408699256959 0.4960342736703511 0.8602497420167529 1.4909410675688204 -0.256520481885704 0.00007354067384957585 19.739208802178812
0.036 119.69545541290758 180.15158982162396 0.8634247437584588 0.4923980165736527 0.8581655528520729 1.4909377384619904 -0.5651921235461105 0.000780678902684151 19.739208802181626
0.05400000000000001 119.27328545002078 180.3594633405385 0.8670293874239955 0.48602277333803867 0.8545594240025208 1.4909216558134442 -0.8757511025749316 0.0028661324926486705 19.739208802185487
0.07200000000000002 118.6714962579454 180.65120155016803 0.8720862656051995 0.47688954717293264 0.8494985842923811 1.4908770194922112 -1.189175684328052 0.0070423722582154845 19.739208802187274
0.09000000000000004 117.8913849923148 181.02131145441595 0.8784983260943416 0.4649718119515064 0.8430786538623838 1.4907833111969353 -1.5063766606209315 0.01396945436414294 19.73920880218295
0.10800000000000005 116.93450340842514 181.4627071321106 0.8861408256347353 0.4502360847415687 0.835423188665188 1.4906173365200726 -1.828170913659593 0.02423359956064928 19.739208802167962
0.12600000000000006 115.8025558707564 181.966747551214 0.8948622780744301 0.4326425755048487 0.8266830952738733 1.4903556880489737 -2.155253177419241 0.03832374342787885 19.73920880213783
0.14400000000000007 114.49727854160001 182.52327580972627 0.904485420556192 0.4121458708531678 0.817035953232967 1.4899774920048332 -2.4881660980064675 0.05660615359585101 19.739208802088505
0.1620000000000001 113.02030350662511 183.1206541355356 0.914808069232134 0.38869562813054953 0.806685314484387 1.4894672837162934 -2.827268883590518 0.07929743121796477 19.739208802016925
0.1800000000000001 111.37301250276937 183.7457877759256 0.9256037182410537 0.36223728637229413 0.7958600826611729 1.4888178474369758 -3.1727049185927694 0.10643633200602973 19.73920880192136
0.19800000000000012 109.55638555067063 184.3841303068078 0.9366217278708525 0.33271283975862154 0.7848141028957599 1.4880328516775738 -3.5243686854579805 0.13785484380086588 19.73920880180195
0.21600000000000014 107.57085011428596 185.01966311150542 0.9475869522012488 0.30006176510507887 0.7738261100373295 1.4871291080167826 -3.881872211172384 0.17314886109403216 19.739208801661032
0.23400000000000015 105.41613649471597 185.63484292060642 0.9581986741659043 0.2642222467672441 0.763200186579381 1.4861382729078316 -4.244511081754977 0.21164864678402429 19.739208801503597
0.25200000000000017 103.09114521111272 186.21051337513492 0.9681287476238485 0.22513290049281118 0.7532668696310123 1.4851077906173922 -4.61122991011593 0.2523891293929053 19.739208801337764
0.2700000000000002 100.59383240646427 186.72577954912921 0.9770188934875483 0.18273526377903676 0.744385017852158 1.4841008330733754 -4.980587071721999 0.2940800183239607 19.73920880117528
0.2880000000000002 97.9211201471932 187.1578482565237 0.9844771647208219 0.13697739595743194 0.7369445019369749 1.4831949216907394 -5.350718608865248 0.3350757977134978 19.73920880103204
0.3060000000000002 95.0688401484653 187.4818418708007 0.9900736917760687 0.08781901680691534 0.7313697100101633 1.4824788117061902 -5.719301514491749 0.3733459426927661 19.739208800928573
0.32400000000000023 92.03172216627352 187.67059949633722 0.993335959579431 0.03523870409703446 0.7281237508404368 1.4820470793536773 -6.083517200940033 0.4064462435573809 19.739208800890328
0.34200000000000025 88.80344213913627 187.69448687191453 0.9937440682591531 -0.0207562438744366 0.7277130749323122 1.4819916811987843 -6.440016886495498 0.43149296184727487 19.739208800947537
0.36000000000000026 85.37675001506811 187.521245475292 0.9907267140910815 -0.08011662028765262 0.7306919911092697 1.4823895697444611 -6.784891915798061 0.44514268611344515 19.739208801134147
0.3780000000000003 81.7437026168978 187.11592170891714 0.9836590135966321 -0.14273415789546715 0.737666203716509 1.483285286251193 -7.113653634387442 0.4435821532900922 19.73920880148537
0.3960000000000003 77.8960319586287 186.4409278999908 0.9718637876371602 -0.20841994419819868 0.7492940033620087 1.484667376812197 -7.421229224747085 0.4225338001100295 19.739208802033247
0.4140000000000003 73.82568258386746 185.45629625696984 0.954618496538521 -0.2768783504114415 0.7662830960571547 1.4864375982099793 -7.701981585691181 0.37728410435227455 19.73920880280005
0.43200000000000033 69.52555054929243 184.1201917593744 0.9311705855385863 -0.34767720012643005 0.7893802718387827 1.4883723498191834 -7.949762418179969 0.3027423985639042 19.739208803789808
0.45000000000000034 64.99044898155131 182.3897459822184 0.9007643873620377 -0.42021615071332075 0.819350284578208 1.490076777960489 -8.158007559066618 0.19353722755306937 19.739208804979498
0.46800000000000036 60.21830828973756 180.222256582392 0.8626826541988168 -0.49369700526184257 0.8569396403463054 1.4909337389997979 -8.319881755635887 0.04415505504841595 19.73920880631227
0.4860000000000004 55.211592106247195 177.5767636510739 0.8163048872756831 -0.5671017773467667 0.902820816491125 1.4900523829803842 -8.428476463761168 -0.15087765689739976 19.73920880769394
0.5040000000000003 49.97887456873629 174.4159653739331 0.7611825347486795 -0.6391863919496431 0.9575132439406625 1.4862244286053556 -8.477059818052584 -0.3967720999565175 19.739208808992238
0.5220000000000004 44.53648574634874 170.70837826335534 0.6971276522182184 -0.7084992105660683 1.0212797418832515 1.477899792359151 -8.459374774157533 -0.6982197280213488 19.73920881003349
0.5400000000000004 38.91009723422631 166.43059357624344 0.6243069822028615 -0.7734331818798462 1.0940014727136118 1.4631962108541086 -8.36998223039965 -1.059102344448212 19.739208810592242
0.5580000000000004 33.13609549370117 161.56944370513213 0.543328403817327 -0.8323174517366213 1.1750410284678674 1.439958520711 -8.20465213617241 -1.4821633159000203 19.739208810377768
0.5760000000000004 27.262577444112864 156.12387522366575 0.45530269380037136 -0.8835482736546728 1.2631114685589664 1.4058807336118238 -7.960814845917439 -1.968621308579867 19.7392088090436
0.5940000000000004 21.349795562890343 150.10632061280018 0.36186219086966304 -0.9257504251573612 1.3561775338705253 1.3586964554341976 -7.63808938002879 -2.5177010467452674 19.739208806269776
0.6120000000000004 15.46987167882178 143.5433503858793 0.2651207827013509 -0.9579504504095452 1.4514211531772172 1.296429723705788 -7.238892561967019 -3.126067346018125 19.739208801973607
0.6300000000000004 9.705594548851364 136.47535931760183 0.167567505729721 -0.9797342628914981 1.5453027938468336 1.217679790900199 -6.769092530140082 -3.787190647369427 19.739208796650992
0.6480000000000005 4.148144590958237 128.9550106736829 0.0718987021386057 -0.9913569848903127 1.633738871077758 1.12189348061817 -6.238602980889441 -4.490743615043977 19.73920879172952
0.6660000000000005 358.8936992055615 121.04418430308635 -0.019190790648898916 -0.9937755322074988 1.7123909867417306 1.0095649388759087 -5.661743852131603 -5.222205133231978 19.73920878967384
0.6840000000000005 354.03910465566787 112.8093157949394 -0.10322250506796014 -0.9885864703239278 1.777028521163181 0.882304689192204 -5.057165943835321 -5.962882527277326 19.739208793580218
0.7020000000000005 349.6771375570572 104.31529620039782 -0.17811260436195622 -0.9778721772437482 1.823893398741832 0.7427448710446545 -4.44719970454672 -6.690504311950766 19.739208806275045
0.7200000000000005 345.89221239117114 95.61844015716119 -0.24227480090320136 -0.9639818544492119 1.8499810795099858 0.5942923500245703 -3.8566529841449455 -7.380371712415537 19.739208829379823
0.7380000000000005 342.7575596229897 86.75923655440181 -0.2946254572932117 -0.9492912802584849 1.8531665795036525 0.44078997437114037 -3.311290132807139 -8.006846373841189 19.739208863001853
0.7560000000000006 340.3347978420405 77.75547573058778 -0.33449107819490287 -0.9359881481450707 1.832144887608719 0.28617694501745516 -2.836363749037335 -8.544807408422878 19.739208906391088
0.7740000000000006 338.6765110696382 68.5958246573636 -0.3614371061435364 -0.925916472022511 1.786201875752085 0.13423974254008342 -2.455544040345978 -8.970732369054403 19.739208959435338
0.7920000000000006 337.8321338277965 59.23307542677104 -0.3750427457311727 -0.9204895619910365 1.714861451577789 -0.011477189373844787 -2.190369891000743 -9.263275260490362 19.739209025134418
0.8100000000000006 337.85736081439654 49.57529088854686 -0.3746374233820018 -0.920654601825094 1.6174566597537219 -0.14755175124389497 -2.0599143302434504 -9.403647244139481 19.739209115752992
0.8280000000000006 338.8273042957195 39.47229613847979 -0.35899899477761865 -0.9268645082258177 1.4926612178022194 -0.2702898030923381 -2.0794706587815646 -9.376996847404499 19.739209276464784
0.8460000000000006 340.8518973095946 28.696639517350373 -0.3260301947871261 -0.9389687997729722 1.3380675143315117 -0.3748965011665033 -2.254593924987849 -9.178466177998923 19.739209685990794
0.8640000000000007 344.0781028627823 16.93595538881088 -0.2726700432498616 -0.9558290340715466 1.1503386570375738 -0.453873287960019 -2.5593052831931176 -8.835134827043783 19.739210931166845
0.8820000000000007 348.59237275999135 3.9098900359647564 -0.19659335476935486 -0.9743249702848419 0.9285710195834501 -0.49466698543636256 -2.8749623253286685 -8.467340289847526 19.739212843026245
0.9000000000000007 354.0067168318058 349.9139539832872 -0.10378131093710766 -0.9885279633678568 0.6867259857391544 -0.48161959633629103 -2.943557425693764 -8.335374787906666 19.73921247908214
0.9180000000000007 -0.8192796050728361 336.21591476252325 -0.014212287151647315 -0.993859198153313 0.4599397273256283 -0.41256502694869646 -2.647675292305974 -8.558723519649527 19.739211307069418
0.9360000000000007 3.236382686023058 323.7440779404363 0.05611455583492529 -0.9923755596967694 0.27297384806564706 -0.30453317493235943 -2.2169436992374223 -8.908604254402018 19.73920921365065
0.9540000000000007 6.056298528840261 312.4603371892044 0.10486845623407505 -0.9884132241866805 0.12750585808402204 -0.17402232891255276 -1.8578593050545793 -9.178428925172994 19.739208382430036
0.9720000000000008 7.78194958949063 302.0370836631016 0.13458571449991247 -0.9848069761697342 0.01820982520071479 -0.030284034864804243 -1.6394684890981512 -9.298813696283688 19.739208112476234
0.9900000000000008 8.551067300517326 292.19183024642143 0.1477928826625319 -0.9829116739027604 -0.059537305953008324 0.12155269625192744 -1.569513077772527 -9.261712305317916 19.73920799728272
1.0080000000000005 8.460101898084059 282.7256819866963 0.14623218148428271 -0.9831450777776264 -0.10874974872584942 0.27802728784390374 -1.6367990771093988 -9.078098825658719 19.739207929243545
1.0259999999999998 7.57505771001386 273.50546117977757 0.13102876147579995 -0.9852865362553906 -0.13130577286312528 0.43620598691218415 -1.824514533051483 -8.764641252169802 19.739207879967797
1.0439999999999992 5.945629871154628 264.4461823280605 0.1029591095768694 -0.9886139370933253 -0.12849957973191584 0.5931766103330651 -2.1137127547988954 -8.34019858456916 19.73920784108504
1.0619999999999985 3.616145472033243 255.4995913673867 0.0626908504262606 -0.9919818305457312 -0.10150372621346504 0.7458551808950323 -2.484028732310475 -7.825085418523762 19.739207810217476
1.0799999999999979 0.6332063631559389 246.64673204783378 0.010984569967684741 -0.9939001127289666 -0.05173848465508868 0.8909856883688235 -2.913895464939713 -7.240841258526132 19.739207787060046
1.0979999999999972 357.0504344515416 237.89232434809597 -0.05114613730491655 -0.9926440285917274 0.01886008736303435 1.02528256403795 -3.3810037168336513 -6.6097640941306866 19.739207771734595
1.1159999999999966 352.9305596233208 229.2595353670002 -0.12232892691487361 -0.9864044446878182 0.10769743838423484 1.1456726948209655 -3.8631806878945567 -5.954035920237808 19.739207763826276
1.133999999999996 348.34511708467767 220.78452213542454 -0.20079613810000774 -0.9734675165531461 0.21152412246982655 1.2495792469883658 -4.339571792831924 -5.294558351075558 19.73920776198154
1.1519999999999953 343.3722425685773 212.510778548072 -0.28442447195457754 -0.952397403720415 0.3265828662608815 1.3351779698555875 -4.791854426787733 -4.649769453053306 19.739207764116266
1.1699999999999946 338.0932948191385 204.4837309548736 -0.37084316311357024 -0.922189483366596 0.4488633193907519 1.4015632529254152 -5.2051904484584135 -4.034731633390169 19.739207768019476
1.187999999999994 332.5891270015382 196.74613796990542 -0.45758800621871804 -0.8823668802855227 0.5744036726799029 1.448788119081512 -5.568721769713864 -3.460679437641953 19.739207771947054
1.2059999999999933 326.9367114257251 189.3346985592556 -0.5422703226205635 -0.8330071980871578 0.6995734428851963 1.4777788577462936 -5.875569642034118 -2.9350581001053255 19.739207774903946
1.2239999999999926 321.20655685154446 182.27799132032584 -0.6227309810046755 -0.7747026656446858 0.8212873835562319 1.4901557268238657 -6.122434574052965 -2.4619478877302243 19.739207776584557
1.241999999999992 315.46106532664106 175.5956068339629 -0.6971579341409521 -0.7084694134007108 0.9371270079247002 1.4880059186729808 -6.308961391629468 -2.0427044088123085 19.739207777129195
1.2599999999999913 309.75375461301894 169.2981846551755 -0.7641570000967259 -0.6356273861809288 1.045371597597997 1.4736531708616636 -6.437030903241531 -1.6766519679882683 19.739207776868373
1.2779999999999907 304.1291589857441 163.38803740528925 -0.8227758181593978 -0.5576719895352114 1.1449572250957973 1.4494561811325057 -6.51009457189312 -1.3617158639576088 19.73920777614719
1.29599999999999 298.6231986681204 157.860095713668 -0.872487950699339 -0.47615425099908015 1.2353887905042114 1.4176528891089313 -6.532613952344033 -1.0949368577385297 19.739207775240637
1.3139999999999894 293.26383773099633 152.7029882602452 -0.9131476698324629 -0.39258047320208195 1.3166289299929832 1.3802548866706665 -6.5096227840639385 -0.8728561336669198 19.73920777433266
1.3319999999999887 288.07189701448715 147.9001448903726 -0.9449267376218764 -0.30833675646491604 1.3889825472184454 1.3389877338986325 -6.446402982354872 -0.691785590968276 19.739207773528094
1.349999999999988 283.06193169421 143.4308624958912 -0.9682434107517544 -0.22463924945529185 1.4529895599841103 1.2952686174282024 -6.348254139066397 -0.5479888445757456 19.739207772874497
1.3679999999999874 278.243114808883 139.27130286924097 -0.9836918277391744 -0.14250783451863253 1.5093329160364835 1.2502114941477815 -6.22033431175183 -0.4377985802230083 19.739207772382926
1.3859999999999868 273.620088632843 135.39540565150287 -0.991977513740813 -0.0627591195972549 1.5587646793584622 1.2046504268191516 -6.067552954671693 -0.35769120824641765 19.739207772043873
1.4039999999999861 269.19375853882565 131.77570526979866 -0.9938624065481405 0.01398612563814409 1.6020500944471199 1.1591733112453637 -5.894501457635013 -0.3043337450628865 19.7392077718375
1.4219999999999855 264.96201238862534 128.38404382008693 -0.990120836873121 0.08728587084802257 1.6399278052332171 1.1141600025151508 -5.705411069979596 -0.2746125023197035 19.739207771740062
1.4399999999999848 260.92035484954437 125.19217499223791 -0.9815064145152201 0.15685424165608028 1.6730835610330392 1.0698206079293393 -5.5041312691844215 -0.26564923692328607 19.739207771727457
1.4579999999999842 257.0624514886936 122.17225809738483 -0.9687287972708907 0.22253676594693528 1.7021345145385849 1.0262312376693763 -5.2941238140156655 -0.27480793635420875 19.739207771777146
1.4759999999999835 253.38058232418933 119.29724564898177 -0.9524387933749215 0.2842858416005813 1.7276213776469533 0.9833657147263642 -5.078469029427165 -0.2996940707649072 19.739207771869147
1.493999999999983 249.86600858707288 116.54117202214667 -0.9332200716731748 0.3421379731721428 1.750006072098071 0.9411226364026206 -4.8598816082423335 -0.33814754208966574 19.739207771986514
1.5119999999999822 246.50925957187633 113.87935385128239 -0.9115858165222699 0.3961936319218849 1.7696729658253478 0.8993477843286105 -4.640733643468418 -0.3882303605227216 19.73920777211538
1.5299999999999816 243.30034852736765 111.28851472090724 -0.8879788668036104 0.44660007497782994 1.786932239330128 0.8578522512038642 -4.423082901062862 -0.4482100436511313 19.739207772244804
1.547999999999981 240.22892760545128 108.74684736642945 -0.8627741421829577 0.49353710543432194 1.8020243317222135 0.8164268480091263 -4.208704601016193 -0.5165397283348272 19.739207772366644
1.5659999999999803 237.28439210277634 106.23402624854188 -0.8362824310367342 0.5372055383178 1.8151247521018588 0.7748534285913957 -3.9991252307737657 -0.591835951654621 19.73920777247507
1.5839999999999796 234.45594381275805 103.73118231041605 -0.8087548614096502 0.5778180241272202 1.826348804956484 0.7329137635700183 -3.7956571714132963 -0.6728549834427062 19.73920777256626
0.018 119.93704403751336 180.0314488505983 0.8613408699256959 0.4960342736703511 0.8602497420167529 1.4909410675688204 -0.256520481885704 0.00007354067384957585 19.739208802178812
0.036 119.69545541290758 180.15158982162396 0.8634247437584588 0.4923980165736527 0.8581655528520729 1.4909377384619904 -0.5651921235461105 0.000780678902684151 19.739208802181626
0.05400000000000001 119.27328545002078 180.3594633405385 0.8670293874239955 0.48602277333803867 0.8545594240025208 1.4909216558134442 -0.8757511025749316 0.0028661324926486705 19.739208802185487
0.07200000000000002 118.6714962579454 180.65120155016803 0.8720862656051995 0.47688954717293264 0.8494985842923811 1.4908770194922112 -1.189175684328052 0.0070423722582154845 19.739208802187274
0.09000000000000004 117.8913849923148 181.02131145441595 0.8784983260943416 0.4649718119515064 0.8430786538623838 1.4907833111969353 -1.5063766606209315 0.01396945436414294 19.73920880218295
0.10800000000000005 116.93450340842514 181.4627071321106 0.8861408256347353 0.4502360847415687 0.835423188665188 1.4906173365200726 -1.828170913659593 0.02423359956064928 19.739208802167962
0.12600000000000006 115.8025558707564 181.966747551214 0.8948622780744301 0.4326425755048487 0.8266830952738733 1.4903556880489737 -2.155253177419241 0.03832374342787885 19.73920880213783
0.14400000000000007 114.49727854160001 182.52327580972627 0.904485420556192 0.4121458708531678 0.817035953232967 1.4899774920048332 -2.4881660980064675 0.05660615359585101 19.739208802088505
0.1620000000000001 113.02030350662511 183.1206541355356 0.914808069232134 0.38869562813054953 0.806685314484387 1.4894672837162934 -2.827268883590518 0.07929743121796477 19.739208802016925
0.1800000000000001 111.37301250276937 183.7457877759256 0.9256037182410537 0.36223728637229413 0.7958600826611729 1.4888178474369758 -3.1727049185927694 0.10643633200602973 19.73920880192136
0.19800000000000012 109.55638555067063 184.3841303068078 0.9366217278708525 0.33271283975862154 0.7848141028957599 1.4880328516775738 -3.5243686854579805 0.13785484380086588 19.73920880180195
0.21600000000000014 107.57085011428596 185.01966311150542 0.9475869522012488 0.30006176510507887 0.7738261100373295 1.4871291080167826 -3.881872211172384 0.17314886109403216 19.739208801661032
0.23400000000000015 105.41613649471597 185.63484292060642 0.9581986741659043 0.2642222467672441 0.763200186579381 1.4861382729078316 -4.244511081754977 0.21164864678402429 19.739208801503597
0.25200000000000017 103.09114521111272 186.21051337513492 0.9681287476238485 0.22513290049281118 0.7532668696310123 1.4851077906173922 -4.61122991011593 0.2523891293929053 19.739208801337764
0.2700000000000002 100.59383240646427 186.72577954912921 0.9770188934875483 0.18273526377903676 0.744385017852158 1.4841008330733754 -4.980587071721999 0.2940800183239607 19.73920880117528
0.2940000000000002 96.99054987524396 187.2791468542061 0.9865719441738595 0.12097063209324183 0.7348569058306427 1.4829305122220247 -5.473880294633727 0.34824728578083086 19.73920880099197
0.3120000000000002 94.07729649826223 187.56119813916013 0.991445132050015 0.07067280236665031 0.7300048915365428 1.4822986084157503 -5.841346138661191 0.38508694144447275 19.739208800907175
0.33000000000000024 90.97720975526603 187.6984187709416 0.9938162478958361 0.01695170428804839 0.7276454792568373 1.4819825461661988 -6.203389017526176 0.4158454900127411 19.739208800897174
0.34800000000000025 87.68363810547984 187.66031349241987 0.993148640168131 -0.04017304310379966 0.7283005967126825 1.4820708812934753 -6.556476462767465 0.4374878170114005 19.739208800993623
0.36600000000000027 84.18906856043293 187.41372794795126 0.988853254673385 -0.10063466391796082 0.732541373739088 1.4826319780187682 -6.8965080831333445 0.44651438067346666 19.73920880123123
0.3840000000000003 80.48540110687189 186.92281554019172 0.980287405130944 -0.1643006336009326 0.7409910780077485 1.4836946704347493 -7.218799958862618 0.4389555641855204 19.739208801644764
0.4020000000000003 76.56436957164597 186.14915558567012 0.9667576680678728 -0.23094957478202013 0.7543251122048663 1.4852223757154526 -7.518087523032592 0.4103839894015643 19.73920880226386
0.4200000000000003 72.41814276549835 185.05208622190528 0.9475292897031704 -0.3002438009595414 0.77326580871334 1.4870797344760196 -7.788555466838886 0.3559521614196651 19.739208803105697
0.43800000000000033 68.04013684633131 183.5893179262387 0.9218450250339542 -0.3716985938635978 0.7985689442460643 1.4889914812445486 -8.023903955767809 0.27046308697160587 19.739208804166218
0.45600000000000035 63.42605932363915 181.71788556671265 0.8889565993044523 -0.4446507161954097 0.8309980902909324 1.4904944823492727 -8.217459790388252 0.1484803759305664 19.73920880541174
0.47400000000000037 58.575184895347086 179.39547439880175 0.848171674311265 -0.5182305527041537 0.8712823614797403 1.490885892558755 -8.36233867485322 -0.015518493515892757 19.73920880677314
0.4920000000000004 53.49183312565875 176.5821164424112 0.7989179360982401 -0.5913444226849152 0.9200532173734792 1.4891732275736782 -8.451660708030005 -0.2269461538344048 19.739208808143637
0.5100000000000003 48.186980671473364 173.24220104521797 0.7408233688939732 -0.6626755095524592 0.9777572366265028 1.4840356237333592 -8.478816920973538 -0.4908707482315709 19.739208809377807
0.5280000000000004 42.679902443997825 169.34668595301167 0.6738078662511554 -0.7307127029401449 1.0445447709022015 1.4738090660928789 -8.437782570803916 -0.8117477334232138 19.739208810286282
0.5460000000000004 36.999704238605496 164.875345661485 0.5981764511283366 -0.7938154874878267 1.1201394953282546 1.4565108586599607 -8.323475478900406 -1.1931183077256917 19.739208810622983
0.5640000000000004 31.186588945369607 159.81886294978764 0.5146995290529708 -0.8503190516815894 1.2037010673727324 1.429918634472458 -8.132165435647927 -1.6372640995384267 19.739208810075194
0.5820000000000004 25.292688185786513 154.18055813399513 0.4246622873130325 -0.8986768254462172 1.2937016002873531 1.3917151381970156 -7.861949486913586 -2.144796018083922 19.739208808290716
0.6000000000000004 19.382284174628143 147.9775461907834 0.32986524976393816 -0.9376283975318804 1.3878445915603344 1.339700497486299 -7.513308075968152 -2.71415291652183 19.739208804998043
0.6180000000000004 13.531238339657873 141.24109608111652 0.23256245476413717 -0.9663709430100358 1.4830591722366422 1.2720583273564758 -7.0897359071561565 -3.341006622396188 19.739208800264855
0.6360000000000005 7.825445455408543 134.01593432210132 0.1353332879939687 -0.9847045221896611 1.5755988349924992 1.187642421533814 -6.598390995374623 -4.0176227096744075 19.73920879486421
0.6540000000000005 2.35818163397418 126.35821477133567 0.04089792373056155 -0.9931190536358451 1.6612581531228878 1.0862319112251766 -6.050633211952601 -4.732303518317149 19.739208790578907
0.6720000000000005 357.2263626944504 118.33193162123891 -0.04809796061156439 -0.9927963945568274 1.7356925427153322 0.9686931706586823 -5.462261245351291 -5.46910873205091 19.739208790158155
0.6900000000000005 352.52600309288965 110.00374287372638 -0.12929066704803752 -0.9855161177141147 1.7947907434105101 0.8369960394016325 -4.853254534792588 -6.20805701492413 19.739208796723624
0.7080000000000005 348.34751770946235 101.43648807742458 -0.20075535079656479 -0.9734759288172335 1.83502113248973 0.6940645192715547 -4.246925303721527 -6.925916735284808 19.73920881278564
0.7260000000000005 344.7718049120548 92.68200239613685 -0.2610777511378656 -0.9590602185060239 1.853667362513534 0.5434904956098427 -3.6685748451361593 -7.597503954893483 19.739208839449297
0.7440000000000005 341.8681327314005 83.77394448805953 -0.3093256217814469 -0.944603490661319 1.8488934933272483 0.38918392532662277 -3.1439462214161367 -8.197203647461155 19.73920887641642
0.7620000000000006 339.6946626776758 74.72110161520455 -0.34492728062204936 -0.9321927193143622 1.8196241181527857 0.23505404672284597 -2.6978571904026762 -8.700332979803555 19.73920892294805
0.7800000000000006 338.30210615501244 65.50099016257161 -0.3674798386372739 -0.9235348737623017 1.7652682795610874 0.08480720443426876 -2.3533060460425332 -9.084052382427544 19.739208979614464
0.7980000000000006 337.7407566817244 56.05265018539603 -0.3765102944147395 -0.9198902614223903 1.6853365733533372 -0.058077974124381426 -2.131057734192539 -9.327814233590276 19.739209051441087
0.8160000000000006 338.07113675453326 46.266535890473534 -0.37119977480290767 -0.9220459977931134 1.5789951225610142 -0.19014922438090143 -2.049185466481513 -9.413873463827663 19.739209157246727
0.8340000000000006 339.37830716206497 35.968981104273894 -0.3500690478538811 -0.9302740223153092 1.4445953918913257 -0.3074669591528665 -2.120831970741561 -9.32960136494471 19.73920936812445
0.8520000000000006 341.78616494086066 24.903010712392906 -0.3106766619273822 -0.9441600005262277 1.2793357857718348 -0.4045638070378267 -2.3448422813517666 -9.076965088419593 19.73920996357374
0.8700000000000007 345.4428777492755 12.740205370869655 -0.24982717452408224 -0.9620522219346209 1.0799941851653885 -0.4725091245379004 -2.6736575145789208 -8.704801634253101 19.73921163707105
0.8880000000000007 350.34215661504066 -0.695403500352711 -0.16675092236803463 -0.9798735759012165 0.8487318267403869 -0.49690719711285614 -2.9391351811604505 -8.383172245425722 19.73921288689285
0.9060000000000007 355.8198824903166 345.24501983725605 -0.07245190053338893 -0.9913167087107567 0.6076474068194107 -0.4642033604202205 -2.87833544134757 -8.377366998173896 19.739212370882555
0.9240000000000007 0.6737457803591109 331.9107457598168 0.011687797513775019 -0.9938920918536903 0.3927924124665785 -0.3799069187006804 -2.505405410928673 -8.674960784387686 19.7392104919643
0.9420000000000007 4.307855864978165 319.8664366826865 0.07466181451745872 -0.991152716947791 0.22011639971364694 -0.2629463175011585 -2.0838204309482626 -9.012924477646509 19.73920882456317
0.9600000000000007 6.745444430102919 308.9060725684891 0.11674908486981413 -0.9870804151851501 0.08731827956800609 -0.12727224611305754 -1.7683824346026908 -9.236225598531105 19.739208260587166
0.9780000000000008 8.139046353315317 298.7025176271794 0.1407208843714591 -0.9839490472385964 -0.011032624705184846 0.019618759179833523 -1.6000174100989533 -9.303597428399867 19.739208065146386
0.9960000000000008 8.612571042019905 289.0020573814133 0.14884789676161014 -0.982752460434301 -0.07900147703651017 0.17334467224605432 -1.5774612117475082 -9.216026912578823 19.739207971483307
1.0140000000000002 8.250648709167685 279.63000516801077 0.14263718026792702 -0.9836730806854695 -0.11915916611498445 0.33070559280846984 -1.6868934083148754 -8.987141818774008 19.7392079113468
1.0319999999999996 7.1124114199889545 270.4708744305305 0.12306868215183744 -0.9863124222747259 -0.13313193221029174 0.48881182046005567 -1.9106165229183125 -8.634516687593145 19.739207866038047
1.049999999999999 5.244721952595116 261.4529453745239 0.09085784389122477 -0.9897994479001618 -0.12212670892449295 0.644704450445041 -2.2291813073522073 -8.177527444381417 19.739207829943116
1.0679999999999983 2.6919659536086518 252.53842778632242 0.0466827464947662 -0.992863946389299 -0.0873622107651929 0.7952343323091677 -2.6217939902710494 -7.636926366530919 19.739207801633025
1.0859999999999976 -0.497306655833313 243.71684162261224 -0.008627112240259248 -0.9939233711883534 -0.030406478823160388 0.937113863752786 -3.0665685472004953 -7.0345776670114875 19.739207781084264
1.103999999999997 355.7334551702305 234.9996424846969 -0.07394716060195469 -0.9912062914948311 0.0465938398580501 1.0670979863974595 -3.5411242068709226 -6.392856599107601 19.739207768321396
1.1219999999999963 351.45005667543984 226.4149493163072 -0.1477736007760093 -0.9829145729786084 0.14081804127663167 1.1822473777134264 -4.0235883080450945 -5.7336550154344925 19.739207762630397
1.1399999999999957 346.72655291022903 218.0019921398659 -0.2282121167970194 -0.9674075276774783 0.24882470068368245 1.2802109365385508 -4.493822774886532 -5.077176843113837 19.739207762364128
1.157999999999995 341.6425632079722 209.80548066589694 -0.3130420536412542 -0.9433783798201513 0.36674016841089246 1.3594580047875442 -4.934580613697316 -4.440816005426378 19.739207765320923
1.1759999999999944 336.27968697482595 201.87040929975262 -0.39984298176657496 -0.9099910355558684 0.49053641542893534 1.4194046267815086 -5.33232053742886 -3.838384057432732 19.73920776939118
1.1939999999999937 330.7178257448753 194.23782758848338 -0.4861572774876662 -0.8669539759444025 0.6163332600387261 1.4604099047159054 -5.677533688051129 -3.2798259768001223 19.739207773067836
1.211999999999993 325.0320383426546 186.94189291262785 -0.569657128299313 -0.8145236958111208 0.7406625453509712 1.4836547253668264 -5.964594068867744 -2.7714038385686783 19.73920777560553
1.2299999999999924 319.29026804846296 180.00823291924277 -0.648288244239135 -0.7534457161875479 0.8606524893853251 1.4909412070357162 -6.191260796899958 -2.316212938119265 19.739207776877805
1.2479999999999918 313.5520039956904 173.45341513733604 -0.7203723959356275 -0.684851594167664 0.9741177882157828 1.4844600822681864 -6.358002461042483 -1.9148559818235364 19.739207777113826
1.2659999999999911 307.86775315881795 167.28521355260867 -0.7846621732092172 -0.6101338941532553 1.0795640554851174 1.466567086902613 -6.46729295226018 -1.5661258440100991 19.73920777666372
1.2839999999999905 302.2791198936513 161.50336542104134 -0.8403506380995788 -0.5308190839689716 1.1761283404588496 1.4395954792446206 -6.522976696567212 -1.2676023033996116 19.739207775854688
1.3019999999999898 296.8192893265787 156.10057787404367 -0.8870443974526206 -0.44845326602439245 1.2634810082130719 1.4057170705115523 -6.529748662571122 -1.0161229485606487 19.739207774931515
1.3199999999999892 291.5137494321944 151.06362504394275 -0.9247111551074849 -0.3645097728179704 1.341711409404647 1.3668526970966763 -6.492756230452213 -0.8081274689942511 19.73920777404967
1.3379999999999885 286.3811337258928 146.37444360335385 -0.9536128524956051 -0.2803223544693189 1.4112140470413 1.324626049893691 -6.41730885808474 -0.6398951955630741 19.73920777329233
1.3559999999999879 281.4341061196645 142.01117846052784 -0.9742340118744578 -0.1970436118401866 1.4725858679847352 1.2803515897377906 -6.308673723180593 -0.5077022094348684 19.739207772692794
1.3739999999999872 276.6802372120239 137.94915379784914 -0.9872126457842288 -0.11562563238196834 1.5265401606138909 1.2350467259147524 -6.1719358008322445 -0.4079224316827756 19.739207772253806
1.3919999999999866 272.12283883152395 134.161755080711 -0.9932786639143827 -0.036818346954829405 1.5738387509058807 1.1894593951484693 -6.011904715506984 -0.3370916501529584 19.739207771961475
1.409999999999986 267.76173461976333 130.62121206441836 -0.9932024750922632 0.03881930358248973 1.615241711401509 1.1441038306460143 -5.83305535821042 -0.29194749800704894 19.739207771794128
1.4279999999999853 263.5939519593428 127.29927572296575 -0.9877546664970875 0.11090001656111202 1.6514723937201325 1.0992991329565172 -5.639493267651709 -0.269453485035045 19.739207771727592
1.4459999999999846 259.61432653668686 124.16778543099207 -0.9776763321218347 0.1791844984054798 1.6831949849741248 1.0552069499638388 -5.434938676332721 -0.2668117592799133 19.739207771738137
1.463999999999984 255.81601607218502 121.1991269107379 -0.9636588065095026 0.24355656323882607 1.7110017134070599 1.0118659967719834 -5.222724979259932 -0.28146721907017697 19.73920777180401
1.4819999999999833 252.1909243491345 118.36658582462513 -0.9463311623177542 0.3039990560616194 1.7354070766981877 0.9692222483921271 -5.005808467308064 -0.31110454281537925 19.739207771906205
1.4999999999999827 248.73004045013363 115.64460570938579 -0.9262537455342097 0.36057189816162155 1.7568468769681638 0.9271544285090549 -4.786786777001173 -0.35363926952169283 19.73920777202879
1.517999999999982 245.42370088750016 113.00896168648015 -0.9039161416564198 0.41339291686360424 1.7756803075782455 0.8854949380991728 -4.567923877796083 -0.40720393894640616 19.739207772158906
1.5359999999999814 242.2617840407201 110.43686285375742 -0.8797381964740376 0.4626216602415356 1.7921937779857675 0.8440466740285828 -4.35117969417687 -0.47013028579517474 19.739207772286594
1.5539999999999807 239.23384707550605 107.90699655562284 -0.8540729861588419 0.5084460926919844 1.8066055464754642 0.8025963369624367 -4.138242715437516 -0.5409284712398494 19.7392077724045
1.57199999999998 236.3292154991126 105.39952710555451 -0.8272108971387221 0.5510718886996304 1.8190705420539568 0.7609248706319813 -3.930564203068722 -0.6182642876430604 19.739207772507505
1.5899999999999794 233.53703492927747 102.89606031874956 -0.7993842110484298 0.5907139561467181 1.8296849965526258 0.71881565152365 -3.729392859720509 -0.7009351871648445 19.739207772592422
1.6079999999999788 230.8462937386626 100.37958370865243 -0.7707717832708424 0.6275897967410823 1.8384906846037197 0.67606098958915 -3.5358090609199606 -0.7878458769603252 19.739207772657593
1.6259999999999781 228.24582416909152 97.8343906525003 -0.741503554295901 0.6619143251407793 1.8454786946832002 0.632467427273119 -3.350757957661078 -0.8779841113956761 19.739207772702624
1.6439999999999775 225.72428843218697 95.24599540637905 -0.7116647458631343 0.693895802232286 1.8505927414050851 0.5878602488787723 -3.175080925844457 -0.9703972104118821 19.73920777272818
1.6619999999999768 223.27015532321676 92.60104464828271 -0.6812996755575219 0.7237325797179803 1.853732089144258 0.5420875420390615 -3.009544963832696 -1.0641697528779448 19.739207772735718
1.6799999999999762 220.8716720333622 89.88723029046844 -0.6504151816346349 0.751610395324075 1.8547541994706682 0.49502409064811115 -2.8548697229923854 -1.1584028394128956 19.7392077727274
1.6979999999999755 218.51683518278796 87.0932076307958 -0.6189836912393063 0.7776999966823908 1.853477247404269 0.44657532397960575 -2.7117519019680145 -1.2521952915301102 19.739207772705974
1.7159999999999749 216.19336462066434 84.20852247931111 -0.5869459956875264 0.8021549058669438 1.849682679809852 0.3966814978694064 -2.5808867495341525 -1.3446271507776875 19.739207772674632
1.7339999999999742 213.88868323865404 81.22355065463535 -0.5542138207331976 0.8251091659703814 1.8431180171709936 0.34532223740836393 -2.4629864106238535 -1.4347458580325454 19.739207772637037
1.7519999999999736 211.58990589567185 78.12945313463217 -0.5206723011518717 0.8466749374306777 1.8335001295321738 0.29252152224263517 -2.3587948244294243 -1.521555522085071 19.73920777259706
1.769999999999973 209.2838405125322 74.91815009552153 -0.48618248975840384 0.8669398373084184 1.8205192486720798 0.23835314028402088 -2.2690988531187015 -1.6040097182378226 19.739207772558746
1.7879999999999723 206.95700440641494 71.5823169990141 -0.4505840521369799 0.8859639421668619 1.8038440094513857 0.18294656798909498 -2.194735298064004 -1.6810082786397196 19.739207772526044
1.8059999999999716 204.59565891784993 68.11540569098105 -0.4136983196046074 0.9037764077560065 1.7831278390102345 0.1264931501081905 -2.1365934640082944 -1.7513985294453465 19.739207772502503
1.823999999999971 202.18586523673505 64.51169304752028 -0.3753318925164512 0.9203716995432044 1.7580170252194394 0.0692523446621246 -2.0956129798696344 -1.8139813747147344 19.739207772490943
1.8419999999999703 199.71356393902732 60.76635892667832 -0.33528100062565136 0.9357054800948262 1.7281607842604192 0.011557667948954242 -2.0727766994458543 -1.8675224995756425 19.73920777249304
1.8599999999999697 197.1646799718528 56.87559394193278 -0.29333683186385917 0.9496902642083372 1.6932235969594918 -0.04617817805483526 -2.06909870661381 -1.9107687421068902 19.739207772508934
1.877999999999969 194.5252535496448 52.83673577896957 -0.24929202922091778 0.9621910304232442 1.6528999780083735 -0.10345967848364879 -2.085607751669434 -1.9424693470021752 19.739207772536908
1.8959999999999684 191.7815955651275 48.64843040499346 -0.20294852025285837 0.9730210650274754 1.6069316655114698 -0.15970722054400233 -2.1233268474911 -1.9614013608464356 19.739207772573238
1.9139999999999677 188.92046367881403 44.31081165455146 -0.15412677866031185 0.9819384048706021 1.5551269595712043 -0.2142591176308366 -2.1832502308766832 -1.966397879911529 19.73920777261234
1.931999999999967 185.929252369393 39.82568956417242 -0.10267651865292862 0.9886433266741561 1.4973815985634293 -0.2663779609838751 -2.2663193865312894 -1.956377272585256 19.739207772647234
1.9499999999999664 182.79618723146882 35.1967349184053 -0.04848869220345674 0.9927773877302131 1.433700160051118 -0.31526224963966554 -2.3734002417812574 -1.9303709656764605 19.73920777267037
1.9679999999999658 179.51051123125234 30.429645416142762 0.008491493433235747 0.9939245390869976 1.3642165548261254 -0.3600640203241616 -2.505263841324161 -1.8875470372340344 19.739207772674682
1.9859999999999651 176.0626491854029 25.53227846826411 0.06825097638411355 0.9916147936989658 1.2892118189915203 -0.399912783184148 -2.6625726672308656 -1.8272268419536346 19.739207772654616
2.003999999999965 172.4443371903371 20.514737697780618 0.13069522968506828 0.9853308336785136 1.209127191566388 -0.43394547599966626 -2.8458741744816325 -1.7488923285178446 19.739207772606914
2.0219999999999656 168.64870675378236 15.389405315265094 0.19563529026721915 0.9745177925836389 1.124570486372418 -0.4613414362335341 -3.0556020375078945 -1.6521826412912974 19.739207772530904
2.0399999999999663 164.6703192641504 10.170920795419761 0.26277608445793305 0.9585962780529583 1.0363140926227157 -0.4813606661071512 -3.292084131600735 -1.536879974891192 19.739207772428102
2.057999999999967 160.5051549035423 4.87611711438575 0.3317066380443592 0.9369785489205907 0.9452835765930556 -0.49338307710352636 -3.555554602915512 -1.4028862998193143 19.739207772301185
2.0759999999999676 156.150570224672 -0.47606209843030456 0.4018926408577042 0.9090876745861467 0.852536735833629 -0.49694609592381866 -3.846165781239622 -1.2501942589980422 19.739207772152657
2.0939999999999683 151.60524883654617 354.13537026716466 0.4726717253626551 0.8743795142286432 0.7592339284105669 -0.49177809861715926 -4.163994414031522 -1.078857017903059 19.739207771983175
2.111999999999969 146.8691780991936 348.7334364961668 0.5432517937197985 0.8323674570045665 0.6666013658359402 -0.47782562913856297 -4.509035888460837 -0.8889630105064003 19.739207771789808
2.1299999999999697 141.94368950799748 343.3432909343363 0.6127128665901976 0.7826500098861878 0.5758896298436172 -0.4552731563061284 -4.881179726543683 -0.6806224018264313 19.739207771563763
2.1479999999999704 136.83159985161998 337.992464071768 0.6800132796471211 0.7249414006411785 0.48832982976443123 -0.42455502955119906 -5.280159501592602 -0.45397287485288135 19.739207771287457
2.165999999999971 131.53748276516546 332.7112819925758 0.7440016101743578 0.6591052259829157 0.40508955766166843 -0.3863600491398649 -5.7054702224219 -0.2092132552652873 19.739207770930673
2.1839999999999717 126.06808446532975 327.53346379652197 0.8034363747613261 0.5851906412190861 0.32723026031325353 -0.34162941366698185 -6.156246158036343 0.05332548757425162 19.739207770445862
2.2019999999999724 120.43287144052084 322.4968598673856 0.8570160797256108 0.5034694965454939 0.2556670923920865 -0.2915485609182261 -6.631092520911006 0.33306169831891225 19.73920776976611
2.219999999999973 114.64465967757587 317.6442379948984 0.9034222723069196 0.41447110002969967 0.19113208156704486 -0.2375325288534441 -7.127866675919056 0.6289879185737328 19.739207768810743
2.237999999999974 108.72022362813831 313.0239532626531 0.9413773547323004 0.31900904510255496 0.13414185449280014 -0.18120308406445895 -7.643410801183769 0.9394354222839231 19.73920776750834
2.2559999999999745 102.68072154300347 308.69025996174724 0.9697165775681036 0.21819224103902365 0.0849724366504292 -0.12435441472674802 -8.173250915712767 1.2617870353392941 19.739207765845645
2.273999999999975 96.55171404137747 304.7029629157299 0.9874695277980026 0.11341087483313579 0.04364561718325055 -0.06890338905237348 -8.711298579474104 1.5921685329153141 19.73920776394006
2.291999999999976 90.36252099797804 301.12610464811786 0.9939409158467867 0.006288931998224735 0.009933392742005331 -0.016821197244365926 -9.249618814698549 1.9251777926483933 19.73920776210491
2.3099999999999765 84.14469774341472 298.0255008664951 0.9887750249836247 -0.10140041828641357 -0.016612218129525624 0.029953512632194035 -9.77835020890871 2.253736683331544 19.73920776084656
2.327999999999977 77.92955285588482 295.4652119049197 0.9719855573973587 -0.2078513196276928 -0.03659873662439428 0.06961403567396812 -10.285861161840595 2.5691536892960087 19.73920776073674
2.345999999999978 71.74487717280391 293.50344671555314 0.9439358794755903 -0.31135694997650404 -0.05070261845916202 0.1005846243451321 -10.759179960544518 2.8614446678771523 19.73920776218825
2.3639999999999786 65.61133350477701 292.18880266126996 0.9052650742792325 -0.410430554601193 -0.05955714276733837 0.12160132837501159 -11.18464507534419 3.119872342323275 19.739207765277968
2.3819999999999792 59.53912478484017 291.5579326446598 0.8567699025918465 -0.5038883099187609 -0.06363447804927158 0.13175765729702638 -11.548620676139565 3.3335650250565565 19.73920776977772
2.39999999999998 53.52547774697763 291.6355417119837 0.7992650413529306 -0.5908751886237273 -0.06313892360589202 0.13050582137266103 -11.838070363719323 3.4920201036139296 19.73920777540591
2.4179999999999806 47.553129003129186 292.43710374659054 0.733447140179892 -0.6708303715709101 -0.057921735837221155 0.11761636061120667 -12.040820288943843 3.585329666855106 19.739207782156864
2.4359999999999813 41.58950954751896 293.97414224385466 0.6597805363813548 -0.7434028105087841 -0.04741543171724172 0.09310995900893498 -12.145456305592582 3.604071879472713 19.739207790615442
2.453999999999982 35.585870097368456 296.2616820851264 0.578408091741344 -0.8083329600283315 -0.03057139232200301 0.05718102964985361 -12.140933429845687 3.5389397903941098 19.73920780247113
2.4719999999999827 29.475249359617862 299.3277509926067 0.48907596995563296 -0.8653108057062411 -0.005771667868139874 0.010133651370514973 -12.016097818898363 3.3802985900273015 19.739207822144778
2.4899999999999833 23.16787568760418 303.2255931861584 0.3910505346216363 -0.9138039035986659 0.02932757141502751 -0.04764743901487267 -11.759498873140622 3.118039413154499 19.739207862856226
2.507999999999984 16.542197784794098 308.0503683566119 0.2830019426582405 -0.9528210720338259 0.07808176312974646 -0.11565128903233324 -11.3603950316357 2.742623345940316 19.7392079714514
2.5259999999999847 9.429845872691544 313.96242958811655 0.16285039436984075 -0.9805293692254274 0.1453471395601289 -0.1930138012850946 -10.81371110717766 2.250057842868313 19.739208339541612
2.5439999999999854 1.5989271013700659 321.21100271638403 0.02773440941071997 -0.9935738006784729 0.23812444705981894 -0.2777705783444716 -10.13817950695977 1.6599959942787477 19.739209766407654
2.561999999999986 352.78538795800193 330.0888772352114 -0.12482780774196935 -0.9860913311019225 0.3651507707945482 -0.3645847876416407 -9.434615295732574 1.0737691682109103 19.739213998619864
2.5799999999999867 342.99918896332963 340.5017253293482 -0.2906194718576567 -0.9505253376092633 0.5290325906384012 -0.43997828639219594 -8.990557552853241 0.7781959041359483 19.739216412784742
2.5979999999999874 333.1184523627336 351.1375280919943 -0.4494168746219862 -0.8865565789418255 0.7076624796135171 -0.4851134951177475 -9.093371952711736 1.0571499192093992 19.739213269943583
2.615999999999988 324.1893340209438 0.4570665042881501 -0.5815750682043276 -0.806057401742059 0.8687243679433212 -0.49694877931250026 -9.54411136578627 1.7056299071555598 19.73920810660688
2.633999999999989 316.37367824486995 8.17543571530257 -0.6857854053336333 -0.7194834763157607 1.0021410890921727 -0.4868790692021723 -10.023072725252046 2.3981208230490467 19.7392061507106
2.6519999999999895 309.42705370570667 14.589817356833464 -0.7677689095077763 -0.6312598485990276 1.1111714298065374 -0.46492909884959965 -10.403978931671425 3.004070410911888 19.739205659052075
2.66999999999999 303.110398224789 19.998467010044465 -0.8325610518657628 -0.5429550531823072 1.2007249419342645 -0.4370463295777093 -10.663520013332729 3.4970839868349746 19.739205526267035
2.687999999999991 297.2521920006622 24.61067777871159 -0.8836307873889878 -0.455142534200381 1.2747305241604465 -0.40668752879198644 -10.809000374223178 3.882094786185604 19.7392054827981
2.7059999999999915 291.7333134550883 28.566509522328772 -0.923307525382566 -0.3680506873135134 1.3360860809685218 -0.3759782306477226 -10.854793318275455 4.171521028170632 19.73920546525273
2.723999999999992 286.4694658157788 31.961056457383904 -0.9531795504015013 -0.2817921921494974 1.3869412421258929 -0.346303980597899 -10.815759701338564 4.378512118278067 19.739205456734673
2.741999999999993 281.3996091616095 34.86115579911234 -0.9743524723855487 -0.19645700398864893 1.428933087642342 -0.31860377999173595 -10.705612655795823 4.515209725672297 19.739205451986432
2.7599999999999936 276.4790234716529 37.31625990668141 -0.987612616274479 -0.11215799140277934 1.463348394225624 -0.2935180947699826 -10.536704289325085 4.592469431175427 19.739205449093976
2.7779999999999943 271.67524721819024 39.36573843352858 -0.9935359759603952 -0.029057861801108455 1.4912331699453714 -0.2714636088393182 -10.320190395876383 4.619984154523545 19.739205447249436
2.795999999999995 266.9657106254887 41.04400989715282 -0.9925673130801406 0.0526139132254729 1.513468290359416 -0.2526702326544362 -10.066246776167446 4.606475944783848 19.73920544606841
2.8139999999999956 262.336302056328 42.38421080877572 -0.9850826473704538 0.13255290532329148 1.5308231664237386 -0.23719993359281633 -9.78422885666884 4.559844684523993 19.739205445353555
2.8319999999999963 257.7803462220462 43.420681367722295 -0.9714409868153325 0.21038180528572412 1.543994007544943 -0.2249597848597472 -9.482739756051963 4.487237418426942 19.739205444997133
2.849999999999997 253.29762399334686 44.19032205451401 -0.9520261788339849 0.2856645754635826 1.5536297311722391 -0.2157176818331732 -9.169605740054006 4.395036117927515 19.73920544492994
2.8679999999999977 248.89319438461524 44.73281755904526 -0.9272767437302393 0.35793286437133903 1.5603466371396784 -0.20912584683912216 -8.851782617929015 4.288785671673626 19.739205445089258
2.8859999999999983 244.57592088046783 45.08979971318627 -0.8977006258997805 0.42672201855443276 1.564732435536726 -0.20475360551582 -8.535236055510472 4.173102184824934 19.739205445403766
2.903999999999999 240.35675024537971 45.30317326286598 -0.8638730389675547 0.49161109365532946 1.5673408554199129 -0.20212723370184538 -8.224847180198477 4.051608988485081 19.73920544579519
2.9219999999999997 236.2469107000723 45.41297848253589 -0.8264184348246268 0.5522595996830126 1.5686793707474687 -0.20077188255926048 -7.924386756717419 3.926939158156702 19.739205446191
2.9400000000000004 232.25625445593823 45.45523887194207 -0.7859808722633159 0.6084341897824483 1.5691938283292672 -0.20024956960482787 -7.63657826944278 3.800820783787336 19.739205446538005
2.958000000000001 228.39195399278094 45.46020485373805 -0.7431893179218682 0.660021009201113 1.5692542564958378 -0.2001881681507356 -7.363241896758012 3.674234126469477 19.739205446809727
2.9760000000000018 224.65768660887 45.45127078776369 -0.6986248180895561 0.7070229546551952 1.5691455391778804 -0.20029862887511574 -7.1054894069133825 3.5476095805452776 19.739205447003677
2.9940000000000024 221.05334017775158 45.444663653438624 -0.6527950447486464 0.7495443445264864 1.5690651268661464 -0.20038030852918476 -6.863931788497635 3.421028880431414 19.73920544713379
3.012000000000003 217.57517897372605 45.449835173841905 -0.6061191714648672 0.7877675068462587 1.569128067799745 -0.20031637721388673 -6.63886679232958 3.294398665491694 19.739205447220552
3.030000000000004 214.21634546627212 45.47037591163411 -0.5589233540747981 0.821926261370085 1.5693780056161477 -0.20006239263394132 -6.430426783709375 3.1675794095666676 19.739205447283236
